20 20
100 100
0 0 0 0 0 0 0 0 0 0 0 0 0 0 0 0 0 0 0 0
0 1 0 0 0 0 0 0 0 0 0 0 0 0 0 0 0 0 1 0
0 1 0 5:3 5:3 4 4 1 1 50 0 0 0 0 0 0 0 0 1 0
0 1 0 5 0 0 0 0 0 0 0 0 0 0 0 0 0 0 1 0
0 1 0 5 1 1 1 1 1 0 0 10 13 15 0 0 0 0 1 0
0 1 0 5 2 0 0 0 1 0 0 11 13 16 0 0 0 0 1 0
0 1 0 6 6 0 0 0 0 0 0 12 14 17 0 0 0 0 1 0
0 1 0 6 2 2 0 0 1 0 0 14 14 14 0 0 0 0 1 0
0 1 0 0 0 0 2 0 0 0 0 14 18 14 0 0 0 0 1 0
0 1 0 0 0 2 0 2 1 0 0 0 0 0 0 0 0 0 1 0
0 1 0 0 0 0 0 2 0 2 0 0 0 0 0 0 0 0 1 0
0 1 0 0 0 0 0 0 0 0 0 19 22 24 0 0 0 0 1 0
0 1 0 0 0 0 0 0 0 0 0 20 22 25 0 0 0 0 1 0
0 1 0 0 0 0 0 0 0 0 0 21 23 26 0 0 0 0 1 0
0 1 0 0 0 0 0 0 0 0 0 23 23 23 0 0 0 0 1 0
0 1 0 0 0 0 0 0 0 0 0 23 27 23 0 0 0 0 1 0
0 1 0 0 0 0 0 0 0 0 0 0 0 0 0 0 0 0 1 0
0 1 0 0 0 0 0 0 0 0 0 0 0 0 0 0 0 0 1 0
0 1 0 0 0 0 0 0 0 0 0 0 0 0 0 0 0 0 1 0
0 0 0 0 0 0 0 0 0 0 0 0 0 0 0 0 0 0 0 0